1463841428411 0.475425
1463841428758 0.162781
1463841429254 0.161711
1463841429748 0.147062
1463841430255 0.156247
1463841430747 0.142377
1463841431254 0.151522
1463841431745 0.141045
1463841432250 0.151501
1463841432743 0.13364
1463841433244 0.140529
1463841433743 0.133892
1463841434248 0.148484
1463841434744 0.133637
1463841435254 0.160979
1463841435745 0.136688
1463841436245 0.144152
1463841436744 0.139374
1463841437241 0.135872
1463841437742 0.137425
1463841438243 0.138555
1463841438743 0.13866
1463841439238 0.128902
1463841439738 0.130838
1463841440237 0.125376
1463841440739 0.126333
1463841441243 0.138358
1463841441740 0.129076
1463841442240 0.131592
1463841442742 0.130794
1463841443240 0.132637
1463841443740 0.128129
1463841444246 0.144561
1463841444742 0.132052
1463841445243 0.140603
1463841445743 0.136069
1463841446241 0.134182
1463841446740 0.131254
1463841447242 0.137039
1463841447738 0.129196
1463841448235 0.123767
1463841448738 0.127724
1463841449239 0.13017
1463841449741 0.132312
1463841450241 0.133071
1463841450744 0.136116
1463841451240 0.132218
1463841451740 0.132206
1463841452241 0.133217
1463841452741 0.134638
1463841453242 0.135091
1463841453742 0.132617
1463841454242 0.136257
1463841454746 0.144601
1463841455237 0.126872
1463841455741 0.134267
1463841456243 0.13659
1463841456742 0.13619
1463841457240 0.13285
1463841457742 0.133963
1463841458241 0.133025
1463841458741 0.134815
1463841459243 0.137203
1463841459741 0.135119
1463841460237 0.12795
1463841460741 0.127634
1463841461239 0.131481
1463841461740 0.128958
1463841462245 0.142898
1463841462743 0.136144
1463841463241 0.13491
1463841463743 0.138243
1463841464241 0.134227
1463841464748 0.146263
1463841465237 0.128188
1463841465746 0.144773
1463841466238 0.128376
1463841466739 0.130949
1463841467239 0.129969
1463841467742 0.136303
1463841468238 0.12879
1463841468741 0.135195
1463841469242 0.13539
1463841469744 0.13715
1463841470283 0.204573
1463841470748 0.149113
1463841471290 0.231765
1463841471747 0.139908
1463841472245 0.142945
1463841472752 0.157986
1463841473248 0.14332
1463841473777 0.199813
1463841474260 0.172048
1463841474750 0.148959
1463841475249 0.153127
1463841475790 0.231834
1463841476291 0.228648
1463841476789 0.231775
1463841477300 0.252289
1463841477794 0.240268
1463841478289 0.230525
1463841478792 0.230875
1463841479287 0.224917
1463841479797 0.245774
1463841480297 0.243612
1463841480807 0.231287
1463841481288 0.228882
1463841481813 0.233615
1463841482285 0.222472
1463841482787 0.226224
1463841483287 0.229461
1463841483788 0.228059
1463841484293 0.237238
1463841484789 0.227841
1463841485287 0.226973
1463841485796 0.231662
1463841486291 0.232253
1463841486790 0.229858
1463841487285 0.224787
1463841487805 0.236623
1463841488288 0.228168
1463841488788 0.225923
1463841489302 0.25806
1463841489785 0.221755
1463841490285 0.223801
1463841490786 0.224288
1463841491285 0.224927
1463841491792 0.23558
1463841492293 0.234494
1463841492790 0.232756
1463841493290 0.232939
1463841493792 0.232243
1463841494286 0.225547
1463841494803 0.228219
1463841495287 0.227477
1463841495787 0.224494
1463841496285 0.222798
1463841496785 0.221741
1463841497284 0.221011
1463841497790 0.229239
1463841498292 0.237977
1463841498789 0.229407
1463841499285 0.22482
1463841499785 0.222005
1463841500289 0.231218
1463841500790 0.231191
1463841501292 0.236458
1463841501797 0.228279
1463841502286 0.225943
1463841502793 0.223867
1463841503293 0.237472
1463841503790 0.231646
1463841504290 0.234825
1463841504789 0.229474
1463841505291 0.233431
1463841505787 0.226839
1463841506285 0.223625
1463841506789 0.229613
1463841507295 0.241846
1463841507794 0.229931
1463841508290 0.23136
1463841508801 0.223945
1463841509288 0.224062
1463841509787 0.22723
1463841510287 0.22781
1463841510802 0.257033
1463841511292 0.236789
1463841511807 0.265033
1463841512302 0.256278
1463841512807 0.263187
1463841513295 0.243292
1463841513807 0.23508
1463841514288 0.2276
1463841514786 0.223804
1463841515340 0.33194
1463841515823 0.283557
1463841516314 0.280224
1463841516799 0.243122
1463841517292 0.238363
1463841517787 0.227018
1463841518297 0.24608
1463841518833 0.246725
1463841519296 0.244093
1463841519795 0.24298
1463841520296 0.245215
1463841520828 0.305653
1463841521301 0.256313
1463841521810 0.258933
1463841522307 0.254401
1463841522803 0.254596
1463841523315 0.283677
1463841523814 0.279793
1463841524288 0.228164
1463841524774 0.186598
1463841525243 0.138651
1463841525739 0.130936
1463841526245 0.142939
1463841526743 0.135647
1463841527242 0.136321
1463841527744 0.130018
1463841528248 0.149575
1463841528743 0.136373
1463841529243 0.14003
1463841529738 0.126972
1463841530241 0.13522
1463841530745 0.138338
1463841531259 0.170498
1463841531739 0.128982
1463841532241 0.134364
1463841532742 0.133698
1463841533244 0.141045
1463841533742 0.133404
1463841534247 0.145395
1463841534744 0.136162
1463841535243 0.139668
1463841535744 0.137245
1463841536246 0.144788
1463841536768 0.185544
1463841537250 0.151643
1463841537744 0.137259
1463841538240 0.132907
1463841538740 0.128776
1463841539236 0.126982
1463841539744 0.136029
1463841540242 0.132158
1463841540742 0.131748
1463841541244 0.14131
1463841541742 0.1301
1463841542244 0.139821
1463841542741 0.130738
1463841543245 0.143296
1463841543743 0.134652
1463841544244 0.140739
1463841544741 0.131814
1463841545245 0.142152
1463841545743 0.134063
1463841546251 0.152721
1463841546741 0.131428
1463841547244 0.138739
1463841547737 0.120827
1463841548243 0.140084
1463841548741 0.129785
1463841549243 0.137838
1463841549740 0.128317
1463841550242 0.134033
1463841550739 0.12896
1463841551240 0.133078
1463841551742 0.133572
1463841552245 0.139531
1463841552742 0.131099
1463841553242 0.136948
1463841553755 0.132589
