1463843254179 2.4188
1463843254697 42.2541
1463843255194 39.5972
1463843255698 39.6753
1463843256197 41.1172
1463843256697 41.5139
1463843257199 38.2823
1463843257697 40.4172
1463843258194 38.281
1463843258695 38.4058
1463843259194 38.5519
1463843259698 38.1463
1463843260194 39.8282
1463843260695 37.1867
1463843261195 38.6371
1463843261697 41.7142
1463843262197 41.6089
1463843262696 41.5247
1463843263194 38.5973
1463843263698 39.358
1463843264194 38.815
1463843264697 40.3319
1463843265174 1.41816
1463843265698 41.3746
1463843266174 1.37403
1463843266697 40.9254
1463843267175 1.37762
1463843267697 41.689
1463843268174 1.38504
1463843268695 37.9112
1463843269175 1.42151
1463843269697 42.03
1463843270174 1.42834
1463843270697 40.6401
1463843271194 38.2789
1463843271702 39.4362
1463843272197 41.9431
1463843272698 39.982
1463843273194 38.8747
1463843273698 41.358
1463843274195 40.2573
1463843274697 40.5827
1463843275194 37.9581
1463843275697 40.7347
1463843276195 38.1867
1463843276697 40.2584
1463843277197 41.4314
1463843277697 41.2316
1463843278194 39.1785
1463843278698 42.2571
1463843279196 41.5641
1463843279697 41.6232
1463843280195 38.0292
1463843280697 40.8968
1463843281194 39.0606
1463843281697 40.4425
1463843282195 37.698
1463843282697 40.7992
1463843283201 41.7634
1463843283676 4.4869
1463843284194 39.1439
1463843284684 4.31854
1463843285198 44.4088
1463843285682 5.83444
1463843286201 42.6309
1463843286696 17.5392
1463843287202 44.3447
1463843287721 49.3925
1463843288194 39.4018
1463843288675 3.16387
1463843289193 38.9756
1463843289694 38.5466
1463843290195 44.0714
1463843290677 4.24574
1463843291195 41.7211
1463843291682 12.9294
1463843292194 40.3164
1463843292691 24.39
1463843293201 47.8127
1463843293681 6.75897
1463843294205 43.94
1463843294685 3.24544
1463843295195 39.6145
1463843295703 40.1666
1463843296174 1.90282
1463843296674 2.2974
1463843297174 2.51803
1463843297682 9.06099
1463843298217 48.5281
1463843298682 7.05012
1463843299197 45.3236
1463843299676 2.92288
1463843300195 43.686
1463843300677 5.31628
1463843301195 39.8584
1463843301694 38.2983
1463843302195 40.2907
1463843302685 6.85776
1463843303194 33.8274
1463843303683 12.2361
1463843304205 40.3634
1463843304682 12.7884
1463843305201 42.3027
1463843305708 43.3161
1463843306196 43.7776
1463843306678 4.60338
1463843307194 41.4355
1463843307680 11.6111
1463843308197 46.7145
1463843308677 6.1469
1463843309196 43.9544
1463843309678 6.54197
1463843310194 41.8234
1463843310682 17.0117
1463843311198 47.8156
1463843311679 3.70737
1463843312204 43.5984
1463843312695 6.94712
1463843313200 43.6434
1463843313675 2.59591
1463843314178 9.68722
1463843314675 3.75919
1463843315174 2.40705
1463843315679 9.01614
1463843316194 40.0721
1463843316676 3.39132
1463843317206 63.4256
1463843317686 15.0996
1463843318236 47.411
1463843318705 41.4561
1463843319221 61.1527
1463843319679 4.01377
1463843320203 37.7363
1463843320677 4.9654
1463843321201 54.242
1463843321682 9.12794
1463843322197 46.1369
1463843322698 47.3347
1463843323195 42.5921
1463843323677 6.17049
1463843324197 44.8317
1463843324679 5.77252
1463843325199 41.8269
1463843325688 6.16073
1463843326269 39.3521
1463843326698 40.7978
1463843327194 38.7822
1463843327697 42.0385
1463843328195 40.2605
1463843328694 38.0577
1463843329194 38.6152
1463843329697 41.3783
1463843330194 38.3789
1463843330697 41.8756
1463843331194 39.7246
1463843331697 41.8582
1463843332195 37.9781
1463843332697 40.9094
1463843333194 39.9093
1463843333698 40.2377
1463843334194 38.7647
1463843334694 38.102
1463843335194 38.6559
1463843335698 39.8033
1463843336194 39.4871
1463843336697 39.1828
1463843337194 38.5022
1463843337697 40.8145
1463843338195 39.2669
1463843338697 41.2174
1463843339194 38.1257
1463843339697 41.8826
1463843340194 39.9328
1463843340695 38.3741
1463843341194 39.5663
1463843341698 40.1937
1463843342198 43.654
1463843342697 41.175
1463843343197 41.2831
1463843343697 42.0773
1463843344206 43.3853
1463843344697 40.5338
1463843345187 24.7507
1463843345689 26.9094
1463843346194 38.918
1463843346697 40.5802
1463843347197 41.0543
1463843347698 39.6078
1463843348198 41.7586
1463843348695 38.1469
1463843349198 38.0829
1463843349697 40.5809
1463843350175 1.74359
1463843350697 41.6025
1463843351174 1.57096
1463843351698 41.167
1463843352174 1.40669
1463843352695 37.7627
1463843353174 1.38159
1463843353698 41.7696
1463843354174 1.36596
1463843354695 38.1354
1463843355198 40.6596
1463843355697 39.3885
1463843356194 38.7015
1463843356697 42.0905
1463843357194 38.1444
1463843357697 41.9953
1463843358194 39.2662
1463843358697 40.6211
1463843359194 39.7478
1463843359694 37.7391
1463843360194 38.9656
1463843360697 41.0346
1463843361194 38.6979
1463843361697 41.678
1463843362194 38.2603
1463843362697 41.7261
1463843363198 39.8172
1463843363698 39.8435
1463843364194 38.277
1463843364698 40.371
1463843365193 39.1832
1463843365698 40.4903
