1463843254175 2.35198
1463843254675 3.88849
1463843255173 1.17397
1463843255675 4.65222
1463843256175 2.14512
1463843256674 2.66141
1463843257174 1.29655
1463843257676 3.78186
1463843258176 2.7292
1463843258674 2.67374
1463843259174 1.31431
1463843259676 4.8308
1463843260173 1.32334
1463843260675 3.41316
1463843261175 1.17955
1463843261676 4.22901
1463843262175 1.37481
1463843262676 3.40715
1463843263174 1.22039
1463843263676 5.61095
1463843264174 1.28593
1463843264675 3.7678
1463843265175 1.65759
1463843265675 3.08164
1463843266174 1.60622
1463843266676 3.73095
1463843267175 1.65169
1463843267675 3.20523
1463843268174 1.62608
1463843268674 2.46133
1463843269175 1.69651
1463843269675 3.60463
1463843270174 1.59672
1463843270675 3.5374
1463843271174 1.46776
1463843271678 8.54083
1463843272175 1.8967
1463843272676 4.28345
1463843273173 1.395
1463843273676 3.56768
1463843274174 1.30017
1463843274676 3.62221
1463843275174 1.28542
1463843275676 3.58625
1463843276175 1.40559
1463843276676 3.77133
1463843277175 2.42961
1463843277675 3.05758
1463843278174 1.79581
1463843278674 2.83734
1463843279175 2.01817
1463843279675 3.5738
1463843280175 1.8183
1463843280676 3.44074
1463843281173 1.21656
1463843281676 2.81938
1463843282175 1.23029
1463843282676 3.47213
1463843283177 3.39563
1463843283675 5.15968
1463843284173 0.970356
1463843284682 7.52062
1463843285175 3.05764
1463843285681 6.51804
1463843286174 0.989917
1463843286695 17.5748
1463843287174 1.62492
1463843287698 4.97975
1463843288173 1.21159
1463843288675 3.71253
1463843289174 2.58764
1463843289676 3.46034
1463843290174 2.11591
1463843290676 5.09477
1463843291175 1.8227
1463843291682 13.5552
1463843292173 0.888873
1463843292689 24.9035
1463843293177 3.91552
1463843293680 9.74128
1463843294175 3.45982
1463843294685 3.84842
1463843295175 3.36391
1463843295683 3.92107
1463843296173 1.69258
1463843296675 4.93329
1463843297174 2.31368
1463843297682 9.63851
1463843298181 16.8725
1463843298681 8.25953
1463843299173 1.22496
1463843299676 3.34557
1463843300173 1.24245
1463843300676 5.07121
1463843301175 1.81331
1463843301676 6.86625
1463843302175 3.83947
1463843302685 7.81857
1463843303177 2.38521
1463843303684 16.9573
1463843304182 17.3154
1463843304682 14.0879
1463843305173 1.58014
1463843305688 5.11754
1463843306174 2.59619
1463843306677 6.87294
1463843307174 2.86431
1463843307679 12.7679
1463843308174 1.98312
1463843308676 5.98934
1463843309174 2.39601
1463843309677 7.53491
1463843310174 2.1951
1463843310682 17.6125
1463843311174 1.63501
1463843311677 6.64314
1463843312174 2.4703
1463843312694 8.2427
1463843313174 1.72569
1463843313675 4.26173
1463843314178 10.3086
1463843314674 3.46753
1463843315174 2.19558
1463843315679 10.3205
1463843316173 1.00023
1463843316676 5.11004
1463843317174 2.02071
1463843317685 17.9713
1463843318177 8.15732
1463843318688 11.8131
1463843319175 2.72461
1463843319678 4.59326
1463843320176 3.73322
1463843320677 7.52581
1463843321174 1.7868
1463843321681 9.90284
1463843322174 1.49291
1463843322675 3.68332
1463843323174 2.18879
1463843323677 7.79976
1463843324175 4.14537
1463843324678 6.62806
1463843325176 7.2463
1463843325687 6.82521
1463843326178 9.01702
1463843326675 4.32537
1463843327174 1.55313
1463843327675 3.6117
1463843328173 1.23114
1463843328674 2.91491
1463843329174 1.19425
1463843329675 2.96689
1463843330174 1.30373
1463843330675 3.6377
1463843331173 1.22204
1463843331675 3.74506
1463843332175 1.70288
1463843332676 3.64529
1463843333173 1.16272
1463843333675 3.62585
1463843334174 1.38375
1463843334674 3.56152
1463843335174 1.90041
1463843335676 3.85927
1463843336173 1.20349
1463843336676 3.82351
1463843337174 1.24043
1463843337675 3.23584
1463843338174 1.32301
1463843338675 2.8406
1463843339174 1.33688
1463843339675 3.42005
1463843340173 1.22463
1463843340675 3.59305
1463843341173 1.41954
1463843341675 4.70539
1463843342175 2.01589
1463843342675 3.12756
1463843343175 1.02281
1463843343675 3.75166
1463843344179 8.15057
1463843344675 3.68554
1463843345174 1.2736
1463843345675 3.67788
1463843346174 1.29926
1463843346676 4.12727
1463843347175 3.15148
1463843347676 3.93874
1463843348176 1.29226
1463843348675 5.36076
1463843349178 1.01004
1463843349675 3.60746
1463843350175 1.90616
1463843350675 3.20179
1463843351175 1.8184
1463843351675 3.40253
1463843352174 1.64247
1463843352675 3.47836
1463843353175 1.60921
1463843353675 2.84118
1463843354174 1.59806
1463843354675 3.50014
1463843355177 0.987615
1463843355676 3.6292
1463843356174 1.82111
1463843356675 3.55917
1463843357174 1.27383
1463843357675 3.48846
1463843358174 1.3949
1463843358675 2.83931
1463843359173 1.01498
1463843359675 3.93183
1463843360174 1.25425
1463843360676 3.80635
1463843361174 1.29861
1463843361676 3.90464
1463843362174 2.16506
1463843362675 3.4299
1463843363176 2.16259
1463843363676 5.01326
1463843364174 1.26839
1463843364676 4.17614
1463843365173 1.26024
1463843365676 3.68361
