1463843253676 4.37839
1463843254175 3.36731
1463843254676 2.37513
1463843255174 1.87925
1463843255678 2.52559
1463843256176 3.0884
1463843256676 1.99167
1463843257177 6.93122
1463843257677 1.95812
1463843258175 1.44984
1463843258676 2.11921
1463843259175 2.05629
1463843259678 3.13811
1463843260174 2.06296
1463843260676 2.07292
1463843261176 2.04266
1463843261676 2.21815
1463843262176 2.09215
1463843262676 1.78225
1463843263175 2.04077
1463843263678 1.77353
1463843264175 1.84244
1463843264676 1.84886
1463843265175 1.51869
1463843265677 1.88407
1463843266174 1.47325
1463843266677 1.76063
1463843267175 1.49097
1463843267677 1.89584
1463843268174 1.48424
1463843268676 1.88275
1463843269175 1.55092
1463843269676 1.9606
1463843270174 1.4976
1463843270676 1.37936
1463843271175 2.97421
1463843271681 3.19312
1463843272175 2.81528
1463843272677 1.92631
1463843273174 2.15116
1463843273677 1.72487
1463843274175 2.03039
1463843274677 1.86223
1463843275175 2.12088
1463843275677 1.93352
1463843276176 2.07736
1463843276677 1.69057
1463843277175 3.12297
1463843277676 2.77114
1463843278174 2.83873
1463843278676 2.36472
1463843279175 3.0032
1463843279676 1.73611
1463843280176 2.29496
1463843280678 1.96413
1463843281174 2.04226
1463843281677 2.00537
1463843282176 2.03902
1463843282677 2.19406
1463843283183 6.04055
1463843283677 5.90246
1463843284175 1.65218
1463843284683 6.20864
1463843285178 4.1147
1463843285682 5.6986
1463843286181 1.61334
1463843286696 18.6205
1463843287180 1.86868
1463843287698 3.56933
1463843288174 1.62228
1463843288676 3.80747
1463843289175 2.65032
1463843289676 2.9653
1463843290174 1.92022
1463843290677 5.56647
1463843291175 1.64081
1463843291682 13.109
1463843292175 2.23729
1463843292689 22.6828
1463843293177 2.26428
1463843293682 8.25378
1463843294183 2.13374
1463843294685 3.45292
1463843295176 1.79164
1463843295683 1.50186
1463843296173 1.30757
1463843296675 4.05529
1463843297174 1.91383
1463843297685 13.9269
1463843298193 1.42725
1463843298681 6.23456
1463843299175 2.00205
1463843299676 2.87289
1463843300174 1.54334
1463843300676 5.11494
1463843301175 1.4808
1463843301677 5.96693
1463843302176 4.25762
1463843302685 6.52065
1463843303178 1.95902
1463843303684 15.511
1463843304187 6.86341
1463843304682 12.1871
1463843305180 5.44221
1463843305688 4.41155
1463843306175 2.1084
1463843306677 5.0667
1463843307174 2.04424
1463843307680 11.2352
1463843308174 1.69944
1463843308676 5.12397
1463843309175 3.06467
1463843309677 6.51594
1463843310174 1.61372
1463843310684 20.8131
1463843311175 2.09593
1463843311679 5.79819
1463843312182 2.26388
1463843312696 10.2935
1463843313179 1.61623
1463843313676 4.12777
1463843314177 9.12908
1463843314674 3.17069
1463843315174 1.78811
1463843315681 13.0317
1463843316175 2.33127
1463843316676 4.49315
1463843317175 1.70348
1463843317685 15.6552
1463843318214 3.99656
1463843318689 10.281
1463843319196 11.0511
1463843319679 4.08204
1463843320184 1.91261
1463843320677 7.2805
1463843321175 2.15396
1463843321681 10.9024
1463843322175 2.01621
1463843322675 2.96349
1463843323175 2.01692
1463843323676 4.5507
1463843324175 2.74267
1463843324678 5.60459
1463843325178 7.3637
1463843325688 8.35462
1463843326251 1.59741
1463843326677 2.31736
1463843327175 2.10803
1463843327676 1.80367
1463843328174 2.02922
1463843328675 1.24496
1463843329175 2.93217
1463843329677 2.43855
1463843330175 2.15103
1463843330676 1.8199
1463843331174 2.51993
1463843331676 1.7188
1463843332175 2.54946
1463843332677 2.24173
1463843333174 1.9823
1463843333677 1.5412
1463843334175 1.73987
1463843334675 1.72394
1463843335174 2.87605
1463843335677 2.06316
1463843336174 1.89623
1463843336677 2.02186
1463843337175 2.04489
1463843337676 1.84216
1463843338175 2.05592
1463843338676 1.98564
1463843339175 2.2144
1463843339677 2.24162
1463843340174 2.01824
1463843340676 1.76999
1463843341174 2.24681
1463843341678 1.50336
1463843342175 2.72161
1463843342677 2.02236
1463843343176 1.76194
1463843343676 1.89117
1463843344184 4.64631
1463843344676 1.88338
1463843345175 2.05666
1463843345676 1.78653
1463843346175 2.08074
1463843346677 1.78856
1463843347176 3.77618
1463843347677 1.93264
1463843348177 2.09639
1463843348676 2.9885
1463843349179 1.72437
1463843349676 1.79854
1463843350175 1.70246
1463843350676 1.30192
1463843351175 1.67649
1463843351677 2.02443
1463843352174 1.50463
1463843352676 2.03839
1463843353174 1.47978
1463843353677 2.04068
1463843354174 1.46601
1463843354676 1.55876
1463843355177 1.59204
1463843355678 2.03253
1463843356175 2.14487
1463843356676 2.03896
1463843357175 2.943
1463843357676 1.68848
1463843358174 2.25195
1463843358677 1.99371
1463843359174 1.55764
1463843359676 1.99657
1463843360175 2.1043
1463843360677 1.85354
1463843361175 1.99086
1463843361677 1.90678
1463843362174 2.39944
1463843362677 1.93323
1463843363177 2.38297
1463843363678 1.50996
1463843364175 1.93171
1463843364676 2.42641
1463843365174 2.07228
1463843365677 1.84389
