1463842584193 0.378291
1463842584700 0.496806
1463842585200 0.522082
1463842585701 0.519421
1463842586205 0.554881
1463842586700 0.501386
1463842587204 0.533122
1463842587700 0.508254
1463842588199 0.507171
1463842588701 0.500638
1463842589200 0.534174
1463842589701 0.517318
1463842590201 0.52779
1463842590701 0.510803
1463842591201 0.544046
1463842591701 0.514082
1463842592201 0.53587
1463842592704 0.544548
1463842593200 0.531167
1463842593701 0.526485
1463842594200 0.520831
1463842594704 0.544227
1463842595199 0.528373
1463842595705 0.553258
1463842596200 0.529205
1463842596702 0.527832
1463842597200 0.520983
1463842597700 0.50485
1463842598200 0.52745
1463842598701 0.505767
1463842599202 0.553468
1463842599704 0.556622
1463842600201 0.538099
1463842600701 0.515921
1463842601200 0.545453
1463842601701 0.498433
1463842602182 0.184409
1463842602704 0.541059
1463842603203 0.538321
1463842603683 0.160879
1463842604201 0.526649
1463842604682 0.156815
1463842605200 0.518939
1463842605681 0.152473
1463842606200 0.515427
1463842606680 0.149433
1463842607199 0.528835
1463842607700 0.53013
1463842608201 0.518506
1463842608704 0.540151
1463842609200 0.525711
1463842609701 0.516752
1463842610200 0.526155
1463842610706 0.579761
1463842611200 0.508813
1463842611703 0.52376
1463842612201 0.513782
1463842612703 0.550876
1463842613200 0.518854
1463842613702 0.519791
1463842614201 0.537847
1463842614704 0.538548
1463842615200 0.536049
1463842615701 0.495283
1463842616200 0.545581
1463842616703 0.531132
1463842617199 0.511517
1463842617701 0.515424
1463842618244 1.23851
1463842618726 0.920939
1463842619222 0.978011
1463842619723 0.922404
1463842620236 1.24889
1463842620720 0.896761
1463842621245 1.21807
1463842621762 1.22101
1463842622209 0.673779
1463842622747 1.31871
1463842623227 0.954712
1463842623738 1.26827
1463842624224 0.8908
1463842624736 1.18134
1463842625211 0.746882
1463842625765 1.19321
1463842626220 0.820596
1463842626744 1.36729
1463842627222 0.972715
1463842627779 1.23452
1463842628238 1.17348
1463842628730 0.892184
1463842629223 0.99844
1463842629738 1.23812
1463842630220 0.902646
1463842630742 1.26002
1463842631212 0.767517
1463842631730 1.12787
1463842632226 1.02344
1463842632741 1.25066
1463842633224 0.940622
1463842633752 1.46194
1463842634216 0.831413
1463842634764 1.15979
1463842635214 0.705646
1463842635738 1.18991
1463842636218 0.875738
1463842636740 1.27561
1463842637227 1.07722
1463842637734 1.17999
1463842638208 0.66775
1463842638738 1.23289
1463842639221 0.770192
1463842639721 0.803304
1463842640223 0.836298
1463842640718 0.815434
1463842641247 1.43603
1463842641751 1.3112
1463842642225 0.905879
1463842642735 1.16972
1463842643253 1.51353
1463842643723 0.859447
1463842644247 1.43681
1463842644749 1.19432
1463842645215 0.824694
1463842645724 0.976818
1463842646210 0.699171
1463842646748 1.35087
1463842647201 0.538058
1463842647785 1.84562
1463842648231 0.925324
1463842648814 1.9584
1463842649222 0.871292
1463842649716 0.720467
1463842650232 1.16596
1463842650751 1.32029
1463842651217 0.866708
1463842651757 1.15078
1463842652217 0.829735
1463842652877 3.03169
1463842653222 0.961569
1463842653745 1.27702
1463842654212 0.751326
1463842654735 1.09162
1463842655217 0.764307
1463842655807 2.0595
1463842656216 0.805472
1463842656715 0.736445
1463842657238 1.29457
1463842657742 1.33619
1463842658206 0.631797
1463842658715 0.799119
1463842659236 1.24502
1463842659764 1.33804
1463842660328 3.04514
1463842660732 1.04384
1463842661300 2.48502
1463842661785 1.76038
1463842662224 0.993418
1463842662805 1.35974
1463842663184 0.229437
1463842663700 0.492306
1463842664200 0.528677
1463842664702 0.519236
1463842665200 0.525806
1463842665683 0.162957
1463842666200 0.534756
1463842666701 0.495873
1463842667200 0.516434
1463842667700 0.488757
1463842668199 0.512731
1463842668703 0.560922
1463842669200 0.514092
1463842669700 0.494453
1463842670202 0.558588
1463842670712 0.547153
1463842671200 0.510337
1463842671703 0.520897
1463842672200 0.516891
1463842672700 0.505333
1463842673204 0.605669
1463842673708 0.61006
1463842674200 0.546624
1463842674700 0.153193
1463842675188 0.292003
1463842675704 0.555286
1463842676188 0.278762
1463842676700 0.497966
1463842677200 0.535742
1463842677701 0.515107
1463842678189 0.275295
1463842678704 0.546331
1463842679200 0.508018
1463842679701 0.517823
1463842680199 0.523691
1463842680682 0.160357
1463842681200 0.528718
1463842681700 0.490022
1463842682190 0.313197
1463842682684 0.176331
1463842683201 0.522784
1463842683704 0.555388
1463842684203 0.544786
1463842684704 0.542525
1463842685199 0.52006
1463842685704 0.50752
1463842686200 0.515897
1463842686700 0.509668
1463842687200 0.50937
1463842687701 0.499078
1463842688200 0.525
1463842688703 0.51984
1463842689200 0.522197
1463842689700 0.503726
1463842690190 0.324588
1463842690701 0.505719
1463842691201 0.550784
1463842691701 0.51842
1463842692199 0.510583
1463842692700 0.505979
1463842693199 0.518358
1463842693701 0.511612
1463842694200 0.515688
1463842694700 0.506393
1463842695184 0.204254
1463842695700 0.498766
1463842696182 0.15281
1463842696701 0.507699
1463842697181 0.151257
1463842697701 0.503142
1463842698181 0.142792
1463842698700 0.491104
1463842699181 0.145834
1463842699701 0.514463
1463842700181 0.154495
1463842700705 0.573041
1463842701200 0.512398
1463842701702 0.515608
1463842702199 0.51821
1463842702700 0.494373
1463842703202 0.53813
1463842703700 0.493602
1463842704200 0.50536
