1463842583688 0.289122
1463842584183 0.187436
1463842584682 0.154621
1463842585181 0.169115
1463842585682 0.172785
1463842586185 0.190178
1463842586684 0.224145
1463842587187 0.195434
1463842587683 0.179556
1463842588182 0.159091
1463842588682 0.152416
1463842589181 0.144201
1463842589681 0.156686
1463842590181 0.145467
1463842590684 0.21565
1463842591181 0.151488
1463842591683 0.195518
1463842592181 0.145605
1463842592682 0.163879
1463842593183 0.18356
1463842593682 0.184469
1463842594182 0.187234
1463842594684 0.195599
1463842595182 0.195843
1463842595684 0.212875
1463842596183 0.182951
1463842596683 0.184617
1463842597183 0.187057
1463842597681 0.163487
1463842598183 0.18046
1463842598682 0.160347
1463842599182 0.148143
1463842599682 0.165331
1463842600184 0.205954
1463842600683 0.179864
1463842601182 0.192355
1463842601684 0.202968
1463842602182 0.176485
1463842602684 0.200128
1463842603185 0.186576
1463842603683 0.157053
1463842604181 0.145909
1463842604682 0.156634
1463842605180 0.141003
1463842605681 0.151002
1463842606182 0.159498
1463842606680 0.150299
1463842607180 0.142476
1463842607683 0.197208
1463842608181 0.152508
1463842608685 0.230342
1463842609182 0.171325
1463842609683 0.203564
1463842610183 0.195095
1463842610685 0.218679
1463842611182 0.152264
1463842611682 0.15673
1463842612182 0.140333
1463842612683 0.172865
1463842613181 0.142589
1463842613682 0.169933
1463842614181 0.14472
1463842614683 0.157457
1463842615180 0.148425
1463842615682 0.170613
1463842616181 0.171147
1463842616683 0.18594
1463842617181 0.155505
1463842617683 0.198982
1463842618198 0.322592
1463842618696 0.357362
1463842619191 0.360167
1463842619698 0.434073
1463842620189 0.310954
1463842620695 0.394327
1463842621194 0.31153
1463842621720 0.383665
1463842622189 0.282249
1463842622701 0.465769
1463842623193 0.358752
1463842623687 0.271339
1463842624196 0.345475
1463842624695 0.430605
1463842625193 0.3897
1463842625719 0.279683
1463842626196 0.354574
1463842626692 0.367999
1463842627201 0.57052
1463842627738 0.419044
1463842628202 0.502683
1463842628705 0.382607
1463842629190 0.344016
1463842629695 0.430844
1463842630194 0.413313
1463842630693 0.288388
1463842631188 0.294805
1463842631698 0.484701
1463842632191 0.353617
1463842632696 0.387966
1463842633197 0.399603
1463842633705 0.561106
1463842634190 0.29658
1463842634723 0.352367
1463842635194 0.332834
1463842635692 0.310547
1463842636194 0.406002
1463842636695 0.412629
1463842637194 0.421765
1463842637689 0.285969
1463842638188 0.283951
1463842638695 0.362048
1463842639197 0.283214
1463842639699 0.466521
1463842640207 0.523171
1463842640695 0.369635
1463842641191 0.364905
1463842641700 0.292737
1463842642194 0.326209
1463842642704 0.559945
1463842643193 0.390809
1463842643695 0.302289
1463842644192 0.365878
1463842644703 0.282965
1463842645192 0.36293
1463842645688 0.284068
1463842646188 0.287595
1463842646699 0.477475
1463842647190 0.347124
1463842647714 0.4453
1463842648197 0.388894
1463842648742 0.548605
1463842649193 0.310907
1463842649700 0.413494
1463842650192 0.389409
1463842650703 0.375795
1463842651190 0.322417
1463842651713 0.356901
1463842652187 0.246104
1463842652775 1.00461
1463842653202 0.576156
1463842653695 0.295173
1463842654197 0.491336
1463842654697 0.331188
1463842655194 0.327622
1463842655731 0.56654
1463842656189 0.289255
1463842656693 0.299048
1463842657189 0.329435
1463842657691 0.345638
1463842658193 0.397908
1463842658698 0.466362
1463842659198 0.494981
1463842659715 0.410363
1463842660234 1.17166
1463842660706 0.562511
1463842661207 0.642554
1463842661722 0.617866
1463842662195 0.422277
1463842662754 0.461517
1463842663184 0.223168
1463842663681 0.155888
1463842664183 0.178171
1463842664682 0.155588
1463842665181 0.147097
1463842665682 0.158954
1463842666180 0.131502
1463842666687 0.272491
1463842667182 0.178365
1463842667684 0.202142
1463842668183 0.195288
1463842668683 0.170794
1463842669183 0.183945
1463842669683 0.177218
1463842670181 0.160377
1463842670681 0.153693
1463842671186 0.229982
1463842671682 0.154064
1463842672181 0.147918
1463842672681 0.155334
1463842673181 0.141552
1463842673687 0.266393
1463842674183 0.199271
1463842674687 0.248689
1463842675180 0.147846
1463842675683 0.181496
1463842676182 0.165388
1463842676682 0.161825
1463842677181 0.15082
1463842677683 0.196893
1463842678183 0.188789
1463842678684 0.18283
1463842679186 0.225374
1463842679683 0.195214
1463842680182 0.178634
1463842680682 0.160626
1463842681181 0.143237
1463842681682 0.152984
1463842682181 0.146826
1463842682682 0.171952
1463842683182 0.144182
1463842683682 0.157044
1463842684183 0.142973
1463842684682 0.163251
1463842685180 0.148742
1463842685685 0.222174
1463842686183 0.183885
1463842686682 0.178003
1463842687183 0.173088
1463842687683 0.182749
1463842688181 0.145813
1463842688683 0.156447
1463842689181 0.142409
1463842689681 0.163266
1463842690182 0.154904
1463842690682 0.157596
1463842691181 0.144047
1463842691681 0.15071
1463842692182 0.157515
1463842692681 0.162331
1463842693181 0.167747
1463842693683 0.195036
1463842694182 0.173862
1463842694682 0.188253
1463842695184 0.204874
1463842695682 0.158564
1463842696182 0.153742
1463842696682 0.169021
1463842697181 0.151837
1463842697684 0.185955
1463842698181 0.144057
1463842698682 0.157849
1463842699181 0.147014
1463842699682 0.168883
1463842700180 0.154845
1463842700682 0.166995
1463842701185 0.217644
1463842701683 0.188976
1463842702182 0.171038
1463842702684 0.202332
1463842703183 0.169352
1463842703682 0.153119
1463842704182 0.158665
