1463842582709 0.0228558
1463842583185 0.156755
1463842583685 0.201574
1463842584184 0.1717
1463842584683 0.137467
1463842585183 0.16011
1463842585683 0.1522
1463842586187 0.174664
1463842586686 0.196561
1463842587188 0.185615
1463842587683 0.155208
1463842588183 0.15333
1463842588682 0.13267
1463842589182 0.140668
1463842589683 0.129901
1463842590183 0.140605
1463842590686 0.173862
1463842591182 0.143286
1463842591685 0.177952
1463842592182 0.141687
1463842592684 0.132622
1463842593184 0.174864
1463842593684 0.167826
1463842594184 0.18174
1463842594686 0.168335
1463842595183 0.179061
1463842595688 0.177717
1463842596183 0.173718
1463842596685 0.168563
1463842597184 0.181257
1463842597683 0.147855
1463842598184 0.17369
1463842598684 0.135946
1463842599183 0.143268
1463842599684 0.14056
1463842600184 0.188824
1463842600684 0.150939
1463842601185 0.18433
1463842601685 0.174542
1463842602183 0.17687
1463842602686 0.170248
1463842603186 0.180586
1463842603683 0.15718
1463842604183 0.139808
1463842604682 0.157274
1463842605181 0.138123
1463842605681 0.14971
1463842606183 0.145205
1463842606680 0.144927
1463842607181 0.135802
1463842607684 0.178638
1463842608184 0.142194
1463842608688 0.199111
1463842609183 0.164521
1463842609684 0.174604
1463842610184 0.195744
1463842610687 0.183001
1463842611183 0.149754
1463842611684 0.135734
1463842612183 0.140451
1463842612684 0.152272
1463842613182 0.139889
1463842613684 0.149901
1463842614182 0.141391
1463842614684 0.135477
1463842615181 0.145093
1463842615684 0.145988
1463842616183 0.164296
1463842616685 0.15601
1463842617183 0.153478
1463842617684 0.176232
1463842618199 0.331299
1463842618697 0.338005
1463842619192 0.363912
1463842619697 0.391665
1463842620186 0.245049
1463842620696 0.379513
1463842621224 0.350731
1463842621721 0.371783
1463842622190 0.286425
1463842622698 0.335655
1463842623201 0.33045
1463842623687 0.245391
1463842624212 0.579269
1463842624699 0.354385
1463842625219 0.417909
1463842625723 0.28359
1463842626197 0.343281
1463842626693 0.346605
1463842627209 0.56379
1463842627740 0.384972
1463842628202 0.452373
1463842628699 0.254886
1463842629191 0.350911
1463842629694 0.336338
1463842630196 0.368877
1463842630694 0.279721
1463842631188 0.275681
1463842631698 0.474332
1463842632192 0.334595
1463842632698 0.354508
1463842633198 0.374644
1463842633707 0.514382
1463842634211 0.41091
1463842634722 0.299135
1463842635194 0.310626
1463842635693 0.294716
1463842636193 0.304837
1463842636698 0.353085
1463842637197 0.35058
1463842637690 0.27902
1463842638206 0.372866
1463842638695 0.35453
1463842639196 0.258116
1463842639695 0.276656
1463842640207 0.517154
1463842640695 0.365445
1463842641207 0.517534
1463842641703 0.345059
1463842642231 0.292019
1463842642703 0.438682
1463842643196 0.333826
1463842643696 0.284684
1463842644190 0.310095
1463842644703 0.270803
1463842645237 0.385617
1463842645688 0.261561
1463842646189 0.270747
1463842646699 0.36536
1463842647192 0.323229
1463842647715 0.431036
1463842648242 0.350609
1463842648742 0.533053
1463842649194 0.285781
1463842649695 0.306317
1463842650197 0.473166
1463842650707 0.402947
1463842651195 0.2895
1463842651714 0.292377
1463842652228 0.340458
1463842652755 0.592483
1463842653198 0.446513
1463842653696 0.286489
1463842654199 0.463489
1463842654701 0.363075
1463842655197 0.263923
1463842655736 0.471054
1463842656188 0.247093
1463842656692 0.285021
1463842657195 0.357991
1463842657692 0.323238
1463842658195 0.353916
1463842658692 0.334039
1463842659207 0.309515
1463842659715 0.370033
1463842660248 0.876688
1463842660707 0.532477
1463842661204 0.399048
1463842661718 0.430202
1463842662214 0.482959
1463842662757 0.3925
1463842663185 0.21701
1463842663683 0.133656
1463842664184 0.171704
1463842664683 0.13365
1463842665182 0.143326
1463842665682 0.1574
1463842666181 0.128568
1463842666689 0.244862
1463842667185 0.178325
1463842667685 0.171903
1463842668184 0.183332
1463842668684 0.165388
1463842669184 0.171256
1463842669685 0.161478
1463842670182 0.155941
1463842670693 0.131047
1463842671183 0.137864
1463842671684 0.133465
1463842672183 0.144164
1463842672683 0.134543
1463842673182 0.139303
1463842673689 0.228685
1463842674183 0.191647
1463842674699 0.149984
1463842675182 0.153949
1463842675685 0.157481
1463842676183 0.15119
1463842676684 0.139602
1463842677182 0.144903
1463842677684 0.168548
1463842678185 0.17658
1463842678689 0.235516
1463842679188 0.221789
1463842679684 0.174661
1463842680182 0.172469
1463842680681 0.153382
1463842681182 0.139861
1463842681683 0.136551
1463842682182 0.142058
1463842682684 0.169004
1463842683183 0.137775
1463842683684 0.140342
1463842684184 0.138564
1463842684684 0.132394
1463842685184 0.157835
1463842685688 0.164715
1463842686186 0.168335
1463842686684 0.183631
1463842687187 0.172763
1463842687685 0.166983
1463842688182 0.13888
1463842688686 0.161835
1463842689182 0.142292
1463842689683 0.142755
1463842690183 0.151526
1463842690683 0.138107
1463842691182 0.141753
1463842691682 0.128621
1463842692183 0.150714
1463842692682 0.145473
1463842693183 0.162343
1463842693685 0.172601
1463842694184 0.163925
1463842694683 0.163685
1463842695184 0.203256
1463842695683 0.141597
1463842696182 0.151621
1463842696684 0.146035
1463842697181 0.150092
1463842697685 0.165049
1463842698181 0.142001
1463842698684 0.137828
1463842699181 0.145098
1463842699684 0.146088
1463842700192 0.391518
1463842700684 0.137823
1463842701188 0.223274
1463842701685 0.166984
1463842702183 0.168873
1463842702686 0.177345
1463842703184 0.165014
1463842703683 0.133409
1463842704183 0.145724
