1463843033680 0.0259586
1463843034204 0.569506
1463843034701 0.536609
1463843035204 0.571929
1463843035701 0.512722
1463843036207 0.56684
1463843036704 0.567273
1463843037204 0.513007
1463843037701 0.506208
1463843038205 0.532157
1463843038683 0.18739
1463843039203 0.545721
1463843039701 0.516409
1463843040200 0.493984
1463843040701 0.536563
1463843041200 0.492174
1463843041700 0.513684
1463843042202 0.527402
1463843042700 0.504002
1463843043203 0.539833
1463843043701 0.516312
1463843044204 0.554516
1463843044700 0.513899
1463843045203 0.531763
1463843045702 0.53313
1463843046201 0.515686
1463843046700 0.506643
1463843047201 0.514478
1463843047700 0.499735
1463843048204 0.537991
1463843048701 0.524925
1463843049200 0.502922
1463843049700 0.492665
1463843050203 0.536767
1463843050701 0.521874
1463843051205 0.559208
1463843051701 0.516996
1463843052201 0.50857
1463843052700 0.529002
1463843053204 0.520271
1463843053700 0.52106
1463843054201 0.514589
1463843054700 0.518733
1463843055201 0.498523
1463843055700 0.507502
1463843056205 0.561536
1463843056700 0.499893
1463843057204 0.54691
1463843057702 0.5541
1463843058204 0.568517
1463843058701 0.52512
1463843059204 0.541798
1463843059700 0.517658
1463843060201 0.504298
1463843060704 0.512461
1463843061200 0.509563
1463843061700 0.524635
1463843062185 0.216151
1463843062700 0.499847
1463843063182 0.16406
1463843063701 0.504723
1463843064182 0.150787
1463843064701 0.522971
1463843065190 0.294928
1463843065710 0.648222
1463843066187 0.249033
1463843066716 0.717445
1463843067222 0.705846
1463843067703 0.590985
1463843068186 0.24434
1463843068708 0.662098
1463843069189 0.260497
1463843069707 0.640239
1463843070189 0.29243
1463843070708 0.692822
1463843071195 0.364328
1463843071709 0.654316
1463843072208 0.665163
1463843072715 0.628131
1463843073217 0.610758
1463843073715 0.741128
1463843074205 0.614623
1463843074707 0.649983
1463843075194 0.239763
1463843075704 0.614057
1463843076188 0.280798
1463843076708 0.635723
1463843077209 0.454125
1463843077706 0.59402
1463843078187 0.266613
1463843078708 0.675287
1463843079188 0.264898
1463843079709 0.68149
1463843080192 0.269773
1463843080704 0.445252
1463843081218 0.650739
1463843081741 0.679488
1463843082210 0.612912
1463843082710 0.709664
1463843083209 0.601174
1463843083705 0.630839
1463843084187 0.24163
1463843084705 0.632172
1463843085189 0.27009
1463843085708 0.637834
1463843086190 0.243183
1463843086706 0.644433
1463843087189 0.295907
1463843087717 0.724591
1463843088191 0.240106
1463843088710 0.620646
1463843089185 0.230303
1463843089710 0.712456
1463843090204 0.606593
1463843090707 0.65968
1463843091186 0.249522
1463843091708 0.689918
1463843092190 0.302036
1463843092712 0.681711
1463843093194 0.291911
1463843093707 0.611467
1463843094205 0.58712
1463843094732 0.614514
1463843095187 0.235785
1463843095706 0.650784
1463843096189 0.285897
1463843096704 0.603933
1463843097203 0.548983
1463843097700 0.52811
1463843098201 0.519585
1463843098701 0.517801
1463843099200 0.504064
1463843099700 0.519964
1463843100201 0.509768
1463843100700 0.516877
1463843101201 0.497458
1463843101703 0.537767
1463843102204 0.509469
1463843102703 0.533515
1463843103203 0.514371
1463843103703 0.529124
1463843104204 0.528835
1463843104702 0.535734
1463843105203 0.541897
1463843105701 0.515839
1463843106203 0.548557
1463843106700 0.500208
1463843107201 0.502581
1463843107700 0.527811
1463843108204 0.538234
1463843108700 0.498599
1463843109201 0.504259
1463843109703 0.547788
1463843110203 0.540374
1463843110702 0.537994
1463843111206 0.522482
1463843111701 0.502819
1463843112203 0.531336
1463843112702 0.539109
1463843113191 0.302712
1463843113701 0.516087
1463843114203 0.548276
1463843114700 0.502007
1463843115203 0.534362
1463843115700 0.505647
1463843116203 0.543765
1463843116701 0.50985
