1463843033191 0.349538
1463843033682 0.177142
1463843034182 0.159575
1463843034681 0.169336
1463843035181 0.15806
1463843035681 0.148624
1463843036185 0.156422
1463843036681 0.148489
1463843037188 0.237664
1463843037682 0.155244
1463843038185 0.21901
1463843038683 0.198548
1463843039183 0.193261
1463843039683 0.187248
1463843040182 0.162592
1463843040680 0.153833
1463843041181 0.156909
1463843041681 0.147172
1463843042182 0.178219
1463843042681 0.144146
1463843043181 0.155671
1463843043682 0.147756
1463843044181 0.148275
1463843044681 0.152143
1463843045182 0.171978
1463843045683 0.176828
1463843046182 0.180843
1463843046683 0.185292
1463843047183 0.196576
1463843047682 0.162042
1463843048185 0.217147
1463843048681 0.147
1463843049180 0.151629
1463843049681 0.147084
1463843050182 0.159802
1463843050681 0.14785
1463843051183 0.188452
1463843051681 0.143675
1463843052181 0.169363
1463843052680 0.151889
1463843053184 0.207241
1463843053680 0.14989
1463843054182 0.175092
1463843054682 0.17281
1463843055183 0.176708
1463843055681 0.145132
1463843056182 0.157978
1463843056681 0.147269
1463843057182 0.156819
1463843057680 0.148081
1463843058181 0.163231
1463843058681 0.145916
1463843059182 0.15652
1463843059680 0.14049
1463843060182 0.178988
1463843060682 0.157728
1463843061181 0.171691
1463843061682 0.175654
1463843062185 0.215921
1463843062681 0.153371
1463843063182 0.164343
1463843063682 0.164332
1463843064182 0.149032
1463843064681 0.150663
1463843065190 0.304875
1463843065688 0.259415
1463843066187 0.25677
1463843066687 0.275776
1463843067198 0.243478
1463843067685 0.245443
1463843068185 0.252562
1463843068686 0.239599
1463843069188 0.261937
1463843069688 0.281526
1463843070189 0.307942
1463843070686 0.273671
1463843071192 0.316288
1463843071686 0.24503
1463843072187 0.246103
1463843072685 0.234213
1463843073203 0.334984
1463843073683 0.213235
1463843074185 0.23
1463843074684 0.214764
1463843075193 0.305875
1463843075687 0.295706
1463843076186 0.267642
1463843076687 0.257853
1463843077207 0.472681
1463843077684 0.19874
1463843078187 0.27986
1463843078684 0.229971
1463843079186 0.247939
1463843079685 0.244601
1463843080190 0.264744
1463843080685 0.249697
1463843081197 0.242308
1463843081687 0.289997
1463843082192 0.255721
1463843082684 0.211697
1463843083190 0.239206
1463843083685 0.250665
1463843084186 0.246363
1463843084685 0.240011
1463843085188 0.265432
1463843085695 0.451211
1463843086188 0.243116
1463843086685 0.232331
1463843087187 0.258876
1463843087686 0.26837
1463843088188 0.282135
1463843088684 0.216368
1463843089185 0.228589
1463843089684 0.217922
1463843090187 0.260729
1463843090696 0.461611
1463843091186 0.254751
1463843091687 0.294059
1463843092194 0.403303
1463843092692 0.34054
1463843093194 0.298443
1463843093687 0.284274
1463843094188 0.278212
1463843094686 0.248723
1463843095186 0.243829
1463843095684 0.215487
1463843096186 0.241865
1463843096686 0.265647
1463843097186 0.268963
1463843097681 0.165118
1463843098180 0.152988
1463843098681 0.145607
1463843099181 0.161957
1463843099680 0.135478
1463843100182 0.184793
1463843100682 0.176312
1463843101183 0.189397
1463843101683 0.176881
1463843102185 0.19725
1463843102684 0.171605
1463843103182 0.172171
1463843103682 0.137059
1463843104181 0.152614
1463843104681 0.138815
1463843105182 0.159969
1463843105681 0.137221
1463843106182 0.161663
1463843106682 0.168305
1463843107181 0.159769
1463843107684 0.215378
1463843108184 0.206608
1463843108683 0.192974
1463843109183 0.195895
1463843109684 0.189808
1463843110183 0.182822
1463843110682 0.15561
1463843111183 0.153314
1463843111682 0.147825
1463843112183 0.160807
1463843112681 0.143104
1463843113182 0.157511
1463843113682 0.150942
1463843114182 0.158944
1463843114682 0.156752
1463843115183 0.181148
1463843115682 0.166192
1463843116183 0.190957
1463843116683 0.177209
