1463843033692 0.370042
1463843034182 0.144347
1463843034681 0.165646
1463843035182 0.146405
1463843035682 0.152976
1463843036186 0.141874
1463843036682 0.150067
1463843037189 0.212645
1463843037682 0.153099
1463843038187 0.185672
1463843038682 0.191331
1463843039184 0.180396
1463843039683 0.186244
1463843040182 0.14512
1463843040681 0.158188
1463843041182 0.141861
1463843041681 0.144296
1463843042184 0.158277
1463843042681 0.145255
1463843043183 0.140986
1463843043682 0.145022
1463843044182 0.13503
1463843044681 0.149318
1463843045184 0.146955
1463843045683 0.177865
1463843046183 0.163963
1463843046683 0.183671
1463843047184 0.180991
1463843047682 0.162536
1463843048186 0.193562
1463843048681 0.144043
1463843049181 0.137053
1463843049682 0.146896
1463843050182 0.141908
1463843050681 0.149334
1463843051184 0.174266
1463843051682 0.141119
1463843052182 0.155475
1463843052680 0.152486
1463843053186 0.178382
1463843053680 0.150779
1463843054183 0.159811
1463843054682 0.171762
1463843055184 0.165748
1463843055681 0.147159
1463843056183 0.135885
1463843056681 0.145631
1463843057183 0.147216
1463843057681 0.145434
1463843058183 0.147195
1463843058681 0.146868
1463843059183 0.138981
1463843059681 0.143104
1463843060183 0.16353
1463843060684 0.187289
1463843061182 0.154677
1463843061682 0.174247
1463843062184 0.196759
1463843062681 0.151434
1463843063182 0.15354
1463843063682 0.155832
1463843064182 0.143257
1463843064681 0.148985
1463843065190 0.302071
1463843065689 0.273893
1463843066191 0.319179
1463843066688 0.296458
1463843067199 0.246771
1463843067686 0.259042
1463843068187 0.259342
1463843068686 0.241573
1463843069189 0.271924
1463843069688 0.285345
1463843070189 0.301696
1463843070688 0.298985
1463843071195 0.37251
1463843071686 0.246517
1463843072186 0.234905
1463843072685 0.226277
1463843073200 0.267278
1463843073684 0.217583
1463843074186 0.242894
1463843074685 0.226456
1463843075194 0.259484
1463843075686 0.270388
1463843076189 0.299944
1463843076687 0.251207
1463843077202 0.334685
1463843077685 0.202995
1463843078188 0.287976
1463843078685 0.238588
1463843079187 0.253616
1463843079685 0.245673
1463843080192 0.27994
1463843080686 0.239903
1463843081198 0.256074
1463843081689 0.329909
1463843082192 0.23877
1463843082684 0.209726
1463843083189 0.231322
1463843083686 0.251484
1463843084186 0.241924
1463843084685 0.238655
1463843085188 0.24958
1463843085696 0.448182
1463843086191 0.278045
1463843086685 0.2385
1463843087192 0.355124
1463843087686 0.257134
1463843088191 0.259995
1463843088684 0.214301
1463843089186 0.238105
1463843089684 0.212413
1463843090187 0.260083
1463843090691 0.355452
1463843091186 0.242601
1463843091687 0.273391
1463843092194 0.403661
1463843092689 0.272489
1463843093192 0.256703
1463843093688 0.29102
1463843094189 0.270134
1463843094687 0.244817
1463843095187 0.247739
1463843095685 0.223957
1463843096190 0.309749
1463843096686 0.269941
1463843097187 0.253149
1463843097682 0.164169
1463843098182 0.138305
1463843098681 0.146097
1463843099182 0.142846
1463843099680 0.135139
1463843100183 0.163057
1463843100682 0.176866
1463843101184 0.172047
1463843101683 0.170873
1463843102186 0.165237
1463843102688 0.252593
1463843103184 0.143365
1463843103682 0.148267
1463843104184 0.167996
1463843104681 0.136127
1463843105183 0.145919
1463843105681 0.136095
1463843106183 0.14503
1463843106682 0.16358
1463843107182 0.145361
1463843107684 0.212714
1463843108186 0.176812
1463843108683 0.19003
1463843109184 0.177943
1463843109684 0.188469
1463843110184 0.162669
1463843110682 0.151738
1463843111186 0.158931
1463843111682 0.145287
1463843112183 0.144862
1463843112681 0.145323
1463843113183 0.144304
1463843113682 0.150972
1463843114183 0.144269
1463843114682 0.155225
1463843115184 0.168581
1463843115682 0.163641
1463843116184 0.169804
1463843116683 0.186405
