1463843530680 0.801231
1463843531177 1.747
1463843531697 40.0568
1463843532194 38.6932
1463843532698 42.4444
1463843533198 41.2681
1463843533697 40.0459
1463843534199 37.7816
1463843534694 33.033
1463843535194 38.9956
1463843535698 40.5382
1463843536194 38.1566
1463843536697 40.8408
1463843537195 38.7887
1463843537697 41.0438
1463843538195 37.9401
1463843538697 41.4123
1463843539194 39.1947
1463843539697 41.3791
1463843540194 38.5816
1463843540698 40.543
1463843541194 38.9504
1463843541697 41.1496
1463843542197 40.7228
1463843542697 41.7618
1463843543196 41.1768
1463843543698 39.2632
1463843544194 38.37
1463843544698 39.9532
1463843545194 38.6421
1463843545698 39.3088
1463843546194 39.0966
1463843546698 38.5984
1463843547194 38.8822
1463843547697 41.3697
1463843548197 42.1257
1463843548697 42.6428
1463843549194 38.8727
1463843549697 39.1444
1463843550194 38.2301
1463843550697 40.4243
1463843551197 41.6368
1463843551694 38.2445
1463843552194 38.6045
1463843552698 40.4092
1463843553195 38.5866
1463843553698 40.1146
1463843554195 39.6809
1463843554698 38.7505
1463843555194 39.3422
1463843555698 40.1914
1463843556194 37.9066
1463843556681 9.93997
1463843557210 59.143
1463843557679 4.50311
1463843558197 41.5087
1463843558714 38.5585
1463843559202 41.3138
1463843559699 39.659
1463843560205 48.9551
1463843560706 50.2697
1463843561202 55.5252
1463843561686 21.5429
1463843562199 46.909
1463843562696 12.3994
1463843563215 45.1139
1463843563692 2.90841
1463843564236 65.8295
1463843564717 9.5336
1463843565197 43.248
1463843565686 22.8581
1463843566210 58.7461
1463843566706 60.6412
1463843567207 37.5983
1463843567680 2.59883
1463843568198 45.8707
1463843568680 9.69268
1463843569205 59.9521
1463843569678 1.49665
1463843570213 59.2448
1463843570718 56.3843
1463843571208 44.1794
1463843571682 11.7472
1463843572198 41.545
1463843572705 53.9884
1463843573223 53.8137
1463843573685 9.63449
1463843574225 59.487
1463843574739 44.9266
1463843575199 45.8216
1463843575692 5.43682
1463843576202 41.52
1463843576685 4.12946
1463843577229 57.4337
1463843577702 50.4276
1463843578202 51.9656
1463843578691 19.2431
1463843579210 51.273
1463843579684 4.59988
1463843580258 73.8222
1463843580681 7.86312
1463843581193 38.9589
1463843581698 41.6035
1463843582194 37.5046
1463843582683 10.0675
1463843583194 39.1356
1463843583698 39.4169
1463843584195 38.0474
1463843584698 40.4275
1463843585195 37.9021
1463843585695 38.2033
1463843586198 40.0411
1463843586694 38.4345
1463843587194 38.8179
1463843588194 37.7227
1463843588697 43.7886
1463843589194 39.4573
1463843589697 42.8851
1463843590195 38.6853
1463843590686 20.1141
1463843591197 41.7762
1463843591698 38.5444
1463843592195 38.5612
1463843592697 41.2992
1463843593194 39.1329
1463843593698 39.2039
1463843594194 38.4984
1463843594694 37.8089
1463843595195 38.1434
1463843595698 38.767
