1463843530676 5.70596
1463843531174 2.64143
1463843531675 3.68731
1463843532174 1.24288
1463843532675 3.32636
1463843533176 1.44707
1463843533675 3.66187
1463843534176 5.92289
1463843534677 4.40597
1463843535174 1.25654
1463843535676 3.07291
1463843536174 1.3349
1463843536675 3.23856
1463843537174 1.41354
1463843537676 4.44341
1463843538174 1.45099
1463843538676 3.95059
1463843539174 1.26493
1463843539674 2.85753
1463843540174 1.17577
1463843540676 3.29213
1463843541174 1.28685
1463843541676 3.43256
1463843542175 1.35178
1463843542676 3.99613
1463843543175 1.23654
1463843543676 3.71235
1463843544174 1.24214
1463843544676 3.69702
1463843545174 1.27683
1463843545675 3.23262
1463843546174 1.30765
1463843546677 4.57842
1463843547174 1.26808
1463843547676 3.57486
1463843548175 1.42169
1463843548675 3.63205
1463843549174 1.22705
1463843549676 3.81804
1463843550174 1.2759
1463843550676 3.79527
1463843551175 1.34213
1463843551674 3.10171
1463843552174 1.20758
1463843552676 3.77722
1463843553174 1.40796
1463843553676 4.66243
1463843554174 0.92814
1463843554677 4.34276
1463843555173 1.12583
1463843555676 3.49276
1463843556174 1.02635
1463843556676 3.35717
1463843557180 12.5711
1463843557677 8.83348
1463843558174 2.14237
1463843558702 24.3135
1463843559179 2.57098
1463843559682 9.48865
1463843560181 16.4034
1463843560684 8.88181
1463843561174 1.52239
1463843561686 23.3985
1463843562176 5.64053
1463843562693 21.3355
1463843563175 3.62032
1463843563692 3.35724
1463843564174 2.06054
1463843564717 12.9735
1463843565175 1.22782
1463843565683 18.8852
1463843566183 10.7414
1463843566675 2.3767
1463843567180 12.3473
1463843567679 3.07727
1463843568175 3.34262
1463843568676 4.49507
1463843569174 1.68602
1463843569686 18.4539
1463843570190 18.1237
1463843570690 1.82489
1463843571178 8.1206
1463843571681 13.8838
1463843572181 16.1912
1463843572681 10.3658
1463843573202 23.1384
1463843573684 11.0749
1463843574192 36.1806
1463843574721 16.6459
1463843575181 15.3969
1463843575689 12.1086
1463843576177 7.46738
1463843576681 10.3482
1463843577174 1.27071
1463843577683 18.63
1463843578178 6.62805
1463843578690 20.6352
1463843579183 2.01396
1463843579684 5.93979
1463843580199 20.2315
1463843580679 11.7579
1463843581173 0.914191
1463843581676 2.83598
1463843582175 1.26908
1463843582676 4.83208
1463843583175 2.36361
1463843583677 4.03881
1463843584175 1.76498
1463843584676 3.57387
1463843585174 1.7801
1463843585675 4.83063
1463843586176 1.84245
1463843586674 2.34562
1463843587174 1.02443
1463843587677 6.51128
1463843588175 1.23752
1463843588675 4.29148
1463843589174 1.27137
1463843589675 4.20571
1463843590174 1.3645
1463843590675 3.46078
1463843591175 1.64037
1463843591676 4.3323
1463843592175 1.34856
1463843592676 3.984
1463843593174 1.20223
1463843593676 4.33384
1463843594174 1.31475
1463843594675 2.90547
1463843595174 1.24055
1463843595676 3.59193
