1463843530175 2.45247
1463843530679 0.715667
1463843531175 3.32034
1463843531677 2.36797
1463843532175 2.65565
1463843532677 1.95403
1463843533177 2.09387
1463843533676 1.82557
1463843534177 7.5036
1463843534678 2.02494
1463843535175 2.03875
1463843535678 2.46018
1463843536175 2.78226
1463843536676 1.94919
1463843537175 2.52898
1463843537677 1.98266
1463843538175 2.23892
1463843538676 1.82179
1463843539175 2.12786
1463843539676 2.20616
1463843540175 1.67109
1463843540678 2.21903
1463843541175 2.03483
1463843541677 2.21647
1463843542176 2.29806
1463843542677 1.96101
1463843543176 2.20623
1463843543677 1.89659
1463843544175 2.06704
1463843544677 2.02739
1463843545175 2.25279
1463843545676 3.19584
1463843546174 2.12889
1463843546678 1.96743
1463843547175 2.02692
1463843547677 1.5771
1463843548176 2.29799
1463843548676 1.82101
1463843549175 2.03707
1463843549677 1.92416
1463843550175 2.06724
1463843550677 1.89126
1463843551176 2.06092
1463843551676 1.85651
1463843552175 1.77296
1463843552677 1.78076
1463843553175 1.75685
1463843553678 2.18626
1463843554174 1.55479
1463843554678 2.67678
1463843555174 1.83459
1463843555677 2.18267
1463843556175 1.50515
1463843556677 2.24699
1463843557181 9.3793
1463843557679 5.05699
1463843558181 9.81692
1463843558704 19.3845
1463843559185 7.74195
1463843559683 7.70916
1463843560184 11.7792
1463843560685 9.84669
1463843561179 11.7253
1463843561687 21.785
1463843562177 5.67455
1463843562696 12.6348
1463843563193 1.24484
1463843563692 3.08573
1463843564205 3.52586
1463843564718 12.2028
1463843565182 14.9012
1463843565683 18.4084
1463843566185 7.34411
1463843566676 1.15352
1463843567188 1.17615
1463843567680 2.39381
1463843568175 2.98053
1463843568676 2.55971
1463843569177 7.41826
1463843569680 5.50203
1463843570191 14.7888
1463843570692 3.85424
1463843571186 7.15927
1463843571682 11.9587
1463843572181 15.2125
1463843572682 8.73117
1463843573207 23.3806
1463843573684 9.66616
1463843574201 20.1077
1463843574722 15.1463
1463843575181 15.0987
1463843575695 12.8415
1463843576183 3.48718
1463843576684 4.16928
1463843577203 5.6567
1463843577682 13.3014
1463843578178 6.2704
1463843578691 20.2039
1463843579184 1.41291
1463843579684 4.81436
1463843580230 18.2878
1463843580681 7.84199
1463843581174 1.10613
1463843581678 1.96463
1463843582176 2.25309
1463843582678 1.91082
1463843583175 1.9798
1463843583678 1.7669
1463843584175 2.31435
1463843584678 2.22047
1463843585175 2.36877
1463843585676 3.36696
1463843586177 2.65741
1463843586675 1.01277
1463843587175 1.68728
1463843587680 1.95889
1463843588176 2.12068
1463843588676 2.77002
1463843589175 2.05694
1463843589676 2.36898
1463843590175 2.18848
1463843590676 1.9877
1463843591176 2.32932
1463843591677 2.36609
1463843592176 2.48762
1463843592677 2.00899
1463843593175 2.04345
1463843593678 2.58081
1463843594175 2.0457
1463843594675 1.24735
1463843595175 2.05608
1463843595678 1.52254
