1463841831202 0.0508328
1463841831791 0.225439
1463841832239 0.13101
1463841832759 0.165003
1463841833240 0.132158
1463841833787 0.219046
1463841834295 0.218811
1463841834758 0.162685
1463841835246 0.140546
1463841835760 0.16723
1463841836245 0.139145
1463841836756 0.159928
1463841837250 0.148368
1463841837773 0.168766
1463841838245 0.139405
1463841838761 0.166335
1463841839245 0.138757
1463841839759 0.16223
1463841840244 0.136124
1463841840760 0.166437
1463841841244 0.139352
1463841841761 0.165475
1463841842240 0.128252
1463841842760 0.167755
1463841843239 0.127825
1463841843758 0.164662
1463841844244 0.137811
1463841844756 0.160818
1463841845244 0.137833
1463841845762 0.167618
1463841846247 0.142432
1463841846759 0.163885
1463841847240 0.130823
1463841847759 0.165323
1463841848239 0.128622
1463841848757 0.161329
1463841849238 0.126045
1463841849758 0.16509
1463841850241 0.131563
1463841850758 0.165216
1463841851246 0.14014
1463841851756 0.160401
1463841852244 0.137702
1463841852756 0.160726
1463841853243 0.137529
1463841853746 0.145486
1463841854244 0.138749
1463841854742 0.135734
1463841855239 0.12755
1463841855759 0.1648
1463841856241 0.130377
1463841856764 0.174377
1463841857241 0.13251
1463841857758 0.16499
1463841858245 0.139603
1463841858759 0.165561
1463841859240 0.130961
1463841859760 0.166107
1463841860241 0.132689
1463841860755 0.15866
1463841861252 0.156236
1463841861928 0.867879
1463841862362 0.909359
1463841862612 0.950839
1463841862904 0.939395
1463841863156 0.927951
1463841863395 0.933354
1463841863658 0.938757
1463841863915 0.913496
1463841864150 0.888235
1463841864388 0.90698
1463841864639 0.925725
1463841864893 0.902576
1463841865140 0.879427
1463841865367 0.896728
1463841865618 0.914028
1463841865883 0.903545
1463841866133 0.893061
1463841866374 0.890376
1463841866629 0.887691
1463841866877 0.890359
1463841867126 0.893027
1463841867384 0.909482
1463841867633 0.925937
1463841867898 0.939366
1463841868144 0.952794
1463841868407 0.93348
1463841868657 0.914166
1463841868884 0.9258
1463841869135 0.937433
1463841869396 0.934066
1463841869647 0.930699
1463841869895 0.947523
1463841870154 0.964347
1463841870422 0.941382
1463841870678 0.918417
1463841870914 0.929185
1463841871153 0.939954
1463841871420 0.938317
1463841871664 0.936681
1463841871901 0.956081
1463841872153 0.975481
1463841872417 0.950844
1463841872665 0.926207
1463841872892 0.946716
1463841873141 0.967224
1463841873410 0.961319
1463841873664 0.955414
1463841873907 0.955309
1463841874170 0.955205
1463841874423 1.03267
1463841874681 1.11014
1463841874985 1.09578
1463841875282 1.03675
1463841875498 1.00006
1463841875742 1.00425
1463841875985 0.965666
1463841876173 1.01264
1463841876437 0.974389
1463841876695 0.936136
1463841876909 0.949042
1463841877148 0.961949
1463841877419 0.929184
1463841877675 0.896418
1463841877881 0.91128
1463841878127 0.926143
1463841878398 0.970806
1463841878652 1.01547
1463841878934 0.980651
1463841879187 0.960236
1463841879415 0.932619
1463841879668 0.919406
1463841879899 0.928202
1463841880155 0.936998
1463841880425 1.00989
1463841880658 1.08278
1463841880931 1.02123
1463841881240 1.00461
1463841881466 0.965521
1463841881660 0.971367
1463841881919 0.958253
1463841882165 0.945139
1463841882401 0.961591
1463841882668 0.978042
1463841882931 0.956333
1463841883165 0.934624
1463841883410 0.914351
1463841883658 0.894077
1463841883873 0.919228
1463841884125 0.944378
1463841884397 0.958752
1463841884653 0.973127
1463841884920 0.950339
1463841885163 0.927551
1463841885397 0.93846
1463841885656 0.94937
1463841885911 0.919577
1463841886156 0.889784
1463841886386 0.922407
1463841886630 0.955029
1463841886908 0.93544
1463841887159 0.915851
1463841887384 0.925878
1463841887633 0.935905
1463841887894 0.932248
1463841888149 0.928591
1463841888394 0.918201
1463841888646 0.907811
1463841888890 0.879999
1463841889135 0.852187
1463841889360 0.851255
1463841889621 0.850322
1463841889865 0.859957
1463841890103 0.869591
1463841890373 0.871454
1463841890625 0.873318
1463841890866 0.899003
1463841891116 0.924688
1463841891393 0.932499
1463841891644 0.940309
1463841891901 0.915418
1463841892156 0.890527
1463841892382 0.912452
1463841892634 0.934377
1463841892910 0.934129
1463841893151 0.933882
1463841893403 0.936953
1463841893657 0.940024
1463841893901 0.946247
1463841894148 0.95247
1463841894408 0.951306
1463841894664 0.950142
1463841894910 0.936732
1463841895156 0.923322
1463841895399 0.902369
1463841895662 0.881416
1463841895887 0.890973
1463841896122 0.90053
1463841896393 0.91032
1463841896645 0.92011
1463841896890 0.938128
1463841897138 0.956145
1463841897408 0.953994
1463841897657 0.951844
1463841897903 0.901467
1463841898162 0.851091
1463841898361 0.853159
1463841898613 0.855227
1463841898874 0.858375
1463841899114 0.861522
1463841899368 0.878854
1463841899621 0.896186
1463841899878 0.902956
1463841900124 0.909725
1463841900384 0.922718
1463841900647 0.935711
1463841900906 0.92822
1463841901144 0.92073
1463841901399 0.904731
1463841901653 0.888732
1463841901874 0.906455
1463841902120 0.924179
1463841902391 0.892909
1463841902649 0.86164
1463841902863 0.912679
1463841903106 0.963717
1463841903414 0.962136
1463841903665 0.960554
1463841903906 0.95835
1463841904160 0.956146
1463841904409 0.90673
1463841904675 0.857313
1463841904879 0.885081
1463841905111 0.912848
1463841905405 0.899466
1463841905655 0.886083
1463841905873 0.929774
1463841906126 0.973465
1463841906420 1.03777
1463841906675 1.10208
1463841906935 1.01987
1463841907230 0.989231
1463841907461 0.932805
1463841907657 0.927957
1463841907890 0.908365
1463841908137 0.888772
1463841908371 0.937489
1463841908626 0.986206
1463841908922 1.00308
1463841909168 1.01996
1463841909431 0.967951
1463841909694 0.955961
1463841909898 0.923963
1463841910147 0.931982
1463841910409 0.949623
1463841910646 0.967265
1463841910922 0.946583
1463841911179 0.925901
1463841911396 0.946187
1463841911643 0.966472
1463841911921 1.05126
1463841912168 1.13605
1463841912463 1.02646
1463841912784 0.832199
1463841912958 0.680271
1463841913135 0.443667
1463841913182 0.330339
1463841913291 0.21701
1463841913767 0.178216
1463841914243 0.138944
1463841914762 0.172914
1463841915240 0.127875
1463841915757 0.160547
1463841916241 0.129796
1463841916763 0.169849
1463841917239 0.127662
1463841917759 0.163592
1463841918288 0.226341
1463841918798 0.248775
1463841919243 0.132449
1463841919759 0.162637
1463841920282 0.201165
1463841920769 0.190517
1463841921247 0.144673
1463841921762 0.169645
1463841922246 0.140561
1463841922749 0.144084
1463841923243 0.136561
1463841923762 0.171202
1463841924263 0.173156
1463841924758 0.163124
1463841925244 0.135261
1463841925759 0.164823
1463841926243 0.133281
1463841926760 0.166939
1463841927242 0.136264
1463841927763 0.171199
1463841928241 0.132267
1463841928761 0.167463
1463841929246 0.139537
1463841929762 0.172583
1463841930262 0.174651
1463841930763 0.173572
1463841931246 0.142857
1463841931760 0.164686
1463841932246 0.139457
1463841932760 0.166043
1463841933270 0.189036
1463841933782 0.207152
1463841934251 0.154456
1463841934769 0.18927
1463841935247 0.143687
1463841935761 0.167156
1463841936254 0.158556
1463841936765 0.176149
1463841937247 0.144615
