1463841831375 0.402575
1463841831756 0.165392
1463841832239 0.131103
1463841832738 0.128689
1463841833240 0.132215
1463841833772 0.196286
1463841834293 0.221439
1463841834741 0.135498
1463841835245 0.14128
1463841835741 0.136394
1463841836243 0.139943
1463841836739 0.131885
1463841837249 0.14966
1463841837756 0.140891
1463841838244 0.139485
1463841838741 0.133195
1463841839244 0.138609
1463841839739 0.128387
1463841840242 0.135909
1463841840739 0.129652
1463841841243 0.139508
1463841841741 0.13304
1463841842238 0.12896
1463841842740 0.134519
1463841843237 0.127732
1463841843741 0.136187
1463841844243 0.138734
1463841844739 0.131577
1463841845243 0.138219
1463841845744 0.140162
1463841846245 0.142512
1463841846742 0.133939
1463841847239 0.130791
1463841847739 0.13123
1463841848239 0.130073
1463841848736 0.125353
1463841849236 0.126315
1463841849740 0.133249
1463841850240 0.132131
1463841850740 0.133728
1463841851244 0.140504
1463841851737 0.129349
1463841852242 0.138396
1463841852740 0.133804
1463841853242 0.137856
1463841853746 0.145423
1463841854243 0.138426
1463841854742 0.135757
1463841855239 0.127639
1463841855743 0.138747
1463841856239 0.130593
1463841856744 0.138371
1463841857240 0.132823
1463841857739 0.130231
1463841858243 0.139846
1463841858739 0.130765
1463841859239 0.131198
1463841859740 0.132856
1463841860240 0.132868
1463841860739 0.130288
1463841861252 0.156313
1463841861832 0.317913
1463841862323 0.292664
1463841862848 0.339955
1463841863334 0.321116
1463841863864 0.314386
1463841864349 0.351976
1463841864849 0.343894
1463841865334 0.322091
1463841865859 0.370799
1463841866340 0.326592
1463841866853 0.337422
1463841867334 0.314445
1463841867883 0.403278
1463841868358 0.370772
1463841868861 0.369943
1463841869347 0.348974
1463841869877 0.399554
1463841870358 0.367955
1463841870873 0.328435
1463841871356 0.366069
1463841871869 0.384659
1463841872347 0.340742
1463841872860 0.364205
1463841873362 0.377571
1463841873874 0.3978
1463841874347 0.32585
1463841874930 0.409365
1463841875339 0.329899
1463841875844 0.339846
1463841876330 0.311685
1463841876860 0.32537
1463841877328 0.306645
1463841877833 0.293195
1463841878338 0.319224
1463841878836 0.302415
1463841879330 0.313718
1463841879856 0.318916
1463841880352 0.33
1463841880841 0.325706
1463841881344 0.330802
1463841881829 0.296063
1463841882349 0.349904
1463841882859 0.304289
1463841883321 0.296775
1463841883842 0.339464
1463841884328 0.305566
1463841884852 0.336568
1463841885327 0.307349
1463841885847 0.303006
1463841886334 0.32324
1463841886831 0.315341
1463841887337 0.320206
1463841887826 0.303973
1463841888340 0.323742
1463841888848 0.320944
1463841889312 0.276094
1463841889850 0.302644
1463841890329 0.305699
1463841890849 0.347569
1463841891325 0.296248
1463841891838 0.313277
1463841892329 0.304535
1463841892850 0.312007
1463841893331 0.316118
1463841893834 0.309661
1463841894343 0.332193
1463841894851 0.325132
1463841895326 0.303522
1463841895869 0.328571
1463841896335 0.324444
1463841896836 0.31353
1463841897339 0.329238
1463841897847 0.346617
1463841898319 0.291405
1463841898842 0.291856
1463841899325 0.303734
1463841899835 0.313879
1463841900322 0.299276
1463841900858 0.321912
1463841901317 0.288266
1463841901827 0.298738
1463841902323 0.299458
1463841902848 0.331086
1463841903353 0.360204
1463841903834 0.316681
1463841904332 0.318874
1463841904871 0.307771
1463841905331 0.301967
1463841905835 0.313989
1463841906366 0.368817
1463841906866 0.342171
1463841907324 0.301904
1463841907826 0.301428
1463841908316 0.286203
1463841908845 0.32586
1463841909335 0.324147
1463841909834 0.306559
1463841910351 0.355051
1463841910830 0.310325
1463841911332 0.309627
1463841911858 0.35876
1463841912360 0.37283
1463841912916 0.351966
1463841913277 0.208117
1463841913749 0.150085
1463841914243 0.139076
1463841914742 0.137714
1463841915239 0.127896
1463841915740 0.130671
1463841916240 0.129945
1463841916747 0.14679
1463841917238 0.127875
1463841917738 0.128321
1463841918286 0.226094
1463841918781 0.21581
1463841919241 0.132904
1463841919741 0.135075
1463841920277 0.204742
1463841920755 0.164854
1463841921245 0.144254
1463841921743 0.13822
1463841922243 0.141328
1463841922744 0.14154
1463841923241 0.136082
1463841923744 0.141724
1463841924262 0.173178
1463841924740 0.130532
1463841925241 0.13714
1463841925737 0.127395
1463841926242 0.133691
1463841926738 0.129435
1463841927241 0.136722
1463841927740 0.130965
1463841928239 0.133089
1463841928739 0.132441
1463841929244 0.140125
1463841929742 0.137881
1463841930244 0.141903
1463841930743 0.139555
1463841931245 0.143679
1463841931743 0.138909
1463841932245 0.141296
1463841932740 0.132976
1463841933267 0.188031
1463841933765 0.182911
1463841934250 0.154891
1463841934755 0.165111
1463841935245 0.14347
1463841935741 0.134303
1463841936253 0.157993
1463841936742 0.136203
1463841937245 0.143946
