1463841829674 0.00236181
1463841830193 0.0401664
1463841830829 0.303656
1463841831262 0.17538
1463841831759 0.161992
1463841832239 0.130966
1463841832739 0.127166
1463841833240 0.132105
1463841833773 0.194738
1463841834293 0.221385
1463841834743 0.132455
1463841835246 0.141581
1463841835743 0.135105
1463841836244 0.140479
1463841836740 0.130433
1463841837249 0.148899
1463841837757 0.139249
1463841838245 0.139861
1463841838743 0.131985
1463841839244 0.139023
1463841839740 0.126586
1463841840243 0.13648
1463841840740 0.128041
1463841841244 0.140018
1463841841743 0.131839
1463841842239 0.129412
1463841842741 0.132238
1463841843238 0.128073
1463841843742 0.133936
1463841844243 0.137919
1463841844740 0.129535
1463841845243 0.138694
1463841845746 0.137301
1463841846246 0.142727
1463841846743 0.131874
1463841847240 0.131213
1463841847740 0.129122
1463841848238 0.129128
1463841848737 0.12411
1463841849237 0.126514
1463841849741 0.131757
1463841850240 0.13219
1463841850741 0.131751
1463841851244 0.14098
1463841851739 0.127751
1463841852243 0.138674
1463841852741 0.131753
1463841853242 0.138302
1463841853744 0.141081
1463841854244 0.138233
1463841854740 0.132513
1463841855239 0.127495
1463841855744 0.137635
1463841856240 0.130967
1463841856745 0.135969
1463841857240 0.133002
1463841857740 0.128095
1463841858244 0.140472
1463841858740 0.129416
1463841859240 0.131521
1463841859741 0.131476
1463841860241 0.133561
1463841860740 0.128795
1463841861252 0.156156
1463841861815 0.273413
1463841862301 0.247909
1463841862820 0.28336
1463841863317 0.268914
1463841863841 0.264165
1463841864335 0.31069
1463841864825 0.288722
1463841865324 0.297838
1463841865838 0.326429
1463841866321 0.286114
1463841866834 0.290648
1463841867324 0.275416
1463841867852 0.340668
1463841868331 0.308038
1463841868844 0.335425
1463841869329 0.300649
1463841869859 0.357065
1463841870345 0.295305
1463841870861 0.300622
1463841871337 0.327573
1463841871842 0.329452
1463841872339 0.316015
1463841872838 0.319583
1463841873335 0.320236
1463841873821 0.277745
1463841874417 0.415859
1463841874892 0.334053
1463841875385 0.288651
1463841875824 0.29317
1463841876319 0.272343
1463841876836 0.27645
1463841877312 0.274091
1463841877815 0.253377
1463841878313 0.265408
1463841878819 0.265008
1463841879310 0.264737
1463841879837 0.279117
1463841880353 0.281628
1463841880818 0.28059
1463841881321 0.280547
1463841881814 0.264754
1463841882330 0.311132
1463841882840 0.266003
1463841883309 0.262182
1463841883807 0.269022
1463841884307 0.262414
1463841884827 0.283764
1463841885319 0.285179
1463841885825 0.257865
1463841886320 0.27238
1463841886816 0.282701
1463841887312 0.26935
1463841887807 0.267367
1463841888330 0.295011
1463841888826 0.275727
1463841889303 0.250991
1463841889833 0.263847
1463841890311 0.267874
1463841890818 0.285337
1463841891314 0.268991
1463841891810 0.255846
1463841892325 0.272862
1463841892828 0.266749
1463841893312 0.26965
1463841893815 0.260947
1463841894322 0.288116
1463841894823 0.266073
1463841895315 0.262743
1463841895850 0.282653
1463841896317 0.280306
1463841896816 0.270976
1463841897322 0.288189
1463841897817 0.279865
1463841898322 0.254154
1463841898827 0.260009
1463841899306 0.263881
1463841899818 0.272514
1463841900309 0.268654
1463841900832 0.269674
1463841901306 0.258007
1463841901808 0.253178
1463841902302 0.254969
1463841902821 0.262141
1463841903332 0.316361
1463841903808 0.262184
1463841904310 0.254676
1463841904854 0.273378
1463841905311 0.260557
1463841905814 0.26991
1463841906346 0.322381
1463841906839 0.287246
1463841907311 0.276613
1463841907812 0.266601
1463841908299 0.251253
1463841908820 0.273474
1463841909310 0.2705
1463841909818 0.266183
1463841910345 0.29246
1463841910804 0.258398
1463841911317 0.256063
1463841911840 0.315664
1463841912341 0.329241
1463841912904 0.317831
1463841913278 0.207727
1463841913751 0.147695
1463841914243 0.139243
1463841914743 0.136352
1463841915239 0.128731
1463841915741 0.128
1463841916240 0.130518
1463841916747 0.139024
1463841917238 0.128096
1463841917739 0.127006
1463841918287 0.227728
1463841918781 0.215068
1463841919242 0.133001
1463841919743 0.132611
1463841920280 0.201465
1463841920756 0.164505
1463841921246 0.144806
1463841921744 0.136973
1463841922244 0.142763
1463841922746 0.140251
1463841923241 0.136719
1463841923746 0.139606
1463841924263 0.173398
1463841924741 0.129575
1463841925242 0.13903
1463841925739 0.125901
1463841926243 0.133953
1463841926740 0.128047
1463841927242 0.136647
1463841927741 0.129317
1463841928240 0.133873
1463841928741 0.130804
1463841929244 0.140549
1463841929743 0.136258
1463841930245 0.142283
1463841930744 0.138221
1463841931245 0.143236
1463841931745 0.137751
1463841932245 0.140583
1463841932742 0.131535
1463841933268 0.18887
1463841933766 0.176751
1463841934250 0.154712
1463841934756 0.163567
1463841935246 0.143976
1463841935742 0.133021
1463841936253 0.158464
1463841936743 0.134531
1463841937246 0.144653
